793
814
783
35
1381
1569
762
76
1698
36
1368
700
932
534
261
960
831
1138
1611
596
1377
864
736
120
688
898
371
256
1627
75
15
815
1335
785
299
155
1665
1038
1268
137
205
1039
883
931
1566
741
1471
1376
1613
1105
622
936
1374
930
1040
1653
487
395
1453
1543
1214
94
535
1694
859
826
813
80
515
1186
1462
409
112
933
1135
687
376
1056
1669
1228
1137
1608
385
296
601
1196
740
929
614
1192
1026
224
553
1512
763
570
258
386
1047
928
1691
1064
1326
673
775
1489
1181
1511
368
811
1551
1036
1412
1098
102
754
532
255
1503
1096
254
943
1202
1498
768
1352
1118
1084
1213
1622
56
406
468
1055
1159
1154
62
1507
1353
1329
243
628
587
356
1664
473
1163
1670
774
23
1204
48
718
19
334
353
1535
1640
362
816
357
1140
429
646
103
1029
1449
879
691
124
375
1464
824
507
1139
396
1145
1678
237
367
454
495
393
664
709
1502
1155
306
828
131
1065
1524
1106
521
581
734
14
1450
470
976
1344
779
281
1195
1087
1311
128
1624
1491
561
863
655
1692
637
187
477
1482
413
79
1088
838
836
878
978
1677
436
1241
12
285
1659
501
1197
635
1473
1480
11
995
1509
1318
1046
452
1546
111
484
690
999
1234
1519
472
506
42
1349
467
810
304
1362
965
669
539
142
28
1333
1455
1430
598
659
427
469
916
903
1441
348
1041
1264
1183
411
1060
1201
1565
465
1359
555
363
456
203
1286
394
593
590
32
443
139
1330
1547
1582
284
96
1293
1500
119
496
1515
640
585
874
1244
1100
191
1102
1495
234
308
321
889
73
1655
1442
174
626
875
1019
685
143
1561
123
1477
257
47
476
1596
842
820
153
750
1083
1588
259
1230
1328
301
1383
1486
263
1172
216
37
954
1481
840
118
366
1619
1322
855
1058
1609
379
1336
351
765
1672
1119
579
835
350
1357
1683
1125
948
1103
1157
162
391
963
312
538
1366
180
1673
1676
1008
1042
636
891
370
1369
1600
1674
317
33
288
265
260
993
1080
959
1115
1616
38
1581
91
1082
667
347
733
219
1434
1187
1468
16
905
1597
868
494
866
846
920
1635
200
325
176
1699
955
1061
264
1370
1518
676
293
1207
457
1128
1002
286
582
45
504
893
981
900
235
912
291
888
491
1425
795
919
1245
609
764
1304
1020
1166
550
1354
1685
1205
1339
114
1350
1476
571
969
1079
819
703
13
70
193
727
558
1092
823
446
726
803
1610
428
619
78
150
390
573
294
1572
897
1700
1288
1472
1667
339
1338
853
1375
1144
322
206
1573
610
574
233
1289
1571
1372
1298
1461
1636
843
1580
1296
1101
1688
1458
290
440
537
1073
160
801
99
226
1345
161
1599
1629
492
653
1035
1310
1148
397
518
377
766
122
238
1272
1687
1663
1361
1097
881
1650
1179
374
1367
1550
1093
1454
892
53
352
1016
1143
1191
612
724
877
1200
1479
61
1591
972
1199
777
343
1701
944
1141
340
1590
694
533
338
458
372
141
1586
918
1089
1527
1258
98
1595
462
315
1146
1631
986
497
218
478
1517
1601
707
1169
529
1686
1493
554
818
398
630
946
1439
621
59
1267
1340
770
360
1645
414
277
444
911
987
361
113
560
1371
1188
1182
572
557
31
1218
1164
186
157
1134
297
1294
712
956
742
129
1117
991
872
1321
1680
163
1266
1559
1467
1248
599
602
64
896
1295
1363
548
1167
600
961
1626
314
1136
915
280
869
204
841
166
1625
159
225
1545
698
95
252
934
490
77
1347
433
1661
324
1444
767
115
1162
616
784
57
41
884
753
24
583
1208
1243
1174
164
1306
463
1313
500
323
642
716
852
624
1314
562
1240
328
1457
18
1049
1614
1075
512
1451
1271
246
1276
952
1317
1681
40
1380
1437
483
516
482
1223
1552
1642
1242
1475
1620
825
1415
1523
58
1526
184
1147
994
649
1541
588
1557
60
678
780
165
71
882
530
1389
1690
1259
1287
1448
1331
1334
207
300
717
326
751
55
758
1406
827
51
1261
760
1638
134
519
493
464
517
910
967
1516
951
1668
776
410
644
336
937
692
752
1114
1307
148
858
509
551
1
833
850
332
743
241
1067
1656
1424
1419
906
510
499
1469
1160
1250
1647
854
927
1184
242
941
365
1300
1496
860
345
1127
1606
658
968
22
1394
2
962
848
942
199
629
474
337
471
1149
812
447
453
1068
1402
1628
92
426
448
945
984
844
514
434
1504
435
508
1018
1558
925
190
523
1007
735
1133
757
251
857
1662
618
272
998
745
502
1351
126
1602
1587
1397
594
605
344
1400
275
887
958
481
1633
1337
1231
839
449
217
647
845
940
749
282
346
273
778
152
407
1074
227
802
430
1589
4
799
607
1505
1004
771
50
1466
1556
1262
1679
949
30
705
49
245
1151
662
278
1388
1324
1165
1048
1373
392
1216
1644
221
542
781
769
1325
83
46
714
950
1538
805
1560
177
947
74
822
1323
1302
489
899
1178
1604
1564
1063
1658
358
503
1037
744
715
437
520
620
696
974
29
885
466
699
167
660
697
1579
632
904
1308
1327
1185
3
834
782
1252
1297
1265
1574
480
564
461
1484
43
627
1045
1275
475
1221
989
355
1342
1593
140
1168
1478
1421
1050
52
577
725
1525
536
867
327
935
1086
789
1193
1456
1070
236
488
606
21
303
354
917
1346
1315
1431
651
938
1309
105
1015
732
1319
964
988
654
1605
424
1617
1428
25
44
1203
1562
797
1510
1520
438
1285
997
982
798
212
1206
1460
1303
168
147
645
1232
556
1654
1320
97
1176
1435
247
671
1563
983
862
455
1544
873
1107
1592
1643
505
5
985
146
1440
672
849
1124
262
722
591
1607
1396
1634
223
772
431
625
329
10
311
851
821
686
1533
1583
1649
1071
373
1632
1226
1069
330
170
575
559
240
309
1113
1459
1173
1077
1651
894
511
761
975
1483
1225
89
656
794
158
1085
865
641
222
1235
1660
82
1270
133
1052
569
650
1474
1104
196
1531
34
149
1405
996
1639
830
1387
1156
183
1379
1000
563
1066
668
992
1568
1540
1578
110
615
1175
169
970
1623
101
116
335
6
1005
1161
1537
132
1280
1062
1059
847
359
711
677
1445
441
439
791
541
1312
1094
1170
215
788
331
796
181
957
154
1641
1209
611
364
648
807
924
380
1158
213
1198
8
1646
1422
104
1418
442
1076
156
710
1492
1618
623
1487
1432
681
404
418
1348
378
266
316
1514
20
302
759
1355
592
1522
1028
837
890
1684
1006
1360
683
369
613
1584
7
773
1542
817
179
333
886
1150
1034
39
1014
792
704
922
1263
1554
1025
1433
1666
695
748
721
880
895
966
451
909
657
617
723
1408
214
1414
856
1603
310
730
1429
1099
1652
405
432
731
232
138
713
680
188
1123
701
479
85
1657
208
1274
1695
1122
1210
244
230
267
1112
1051
1024
634
806
1032
719
597
755
1131
127
1612
202
973
1023
756
109
276
65
1009
1121
1465
1528
1513
239
387
586
86
746
1301
1693
702
1409
1260
1567
1253
68
289
1279
106
738
737
460
1332
914
341
524
568
1078
1177
531
1273
1022
1215
1648
729
107
1217
100
268
1594
565
720
1108
136
1576
1423
747
1530
1189
269
1521
1575
1549
229
1090
595
1621
566
342
228
1630
117
674
1194
445
1284
689
665
578
1615
1126
419
545
663
318
389
1229
17
1256
320
1404
706
728
1585
1398
220
307
576
1436
1555
1548
1010
1001
381
1283
544
679
567
173
383
1488
172
417
1057
604
416
1470
1053
1689
584
1364
787
422
175
1501
145
135
1637
527
459
1485
151
178
388
1508
670
1697
1109
283
1013
1499
69
108
421
319
1257
121
913
861
652
209
1238
1227
412
1220
1399
1382
1506
171
400
1570
1027
425
450
1290
408
423
1142
1494
1403
1003
67
1427
292
528
1211
1233
415
1246
287
666
485
384
382
63
552
1021
809
902
1282
589
66
1529
1696
525
9
1452
1120
93
1281
1171
1031
125
1356
1129
1110
420
1391
908
800
603
1254
1291
1130
185
248
526
1255
786
971
1017
81
401
790
876
708
1072
608
1236
1534
832
1111
1384
1044
1011
1343
1043
980
1153
1116
84
1012
1091
144
197
1532
195
26
829
675
1497
1463
693
1420
921
298
305
201
1598
1132
979
1212
1378
1278
870
1081
1292
211
1536
313
1180
1152
977
1490
1269
1365
643
253
1249
633
1277
1417
939
923
295
498
1237
1539
638
1095
1316
1553
1239
349
739
274
1682
1358
1447
926
1247
907
198
1446
1385
580
1190
1577
1671
871
130
210
182
1675
1054
271
192
231
88
279
661
901
543
1386
54
990
639
1407
486
1416
194
1299
522
804
1341
953
1443
27
1401
682
1030
631
189
1219
1224
1426
1222
270
513
399
1392
547
249
1033
808
684
1410
1411
402
540
403
1390
250
72
1251
1438
1305
546
87
1393
1395
1413
90
549
0
