21.254533468
1.69030576687e-08
1.78317827517e-08
2.22953106252e-08
2.00115632264e-08
2.68395674032e-08
3.2945540112e-08
3.87072462521e-08
3.56985091979e-08
0.00156172920605
-2.80985169474e-08
-3.82527539934e-09
3.69268725063e-09
-9.00112304315e-09
3.08271483827e-09
-4.34550573163e-10
-7.73641707752e-09
-1.16774312624e-05
-1.45876374941e-08
2.37759601914e-09
3.73717343883e-08
2.38461268692e-08
-1.77902315615e-08
-2.32723097269e-09
-1.41282608984e-08
2.45550380629e-08
0.0144368323473
0.182702240346
4.37663855613e-09
2.20662334646e-08
2.03893405346e-08
-1.2858938876e-08
-5.06806507127e-09
-7.12592370214e-09
3.08329526389e-08
-3.85773686385e-11
-1.07226120928e-10
6.12797385687e-09
7.27870727342e-09
3.98806920196e-08
-1.48486945851e-08
-1.40689610597e-08
-4.18801907571e-09
2.26938465933e-08
2.46862873155e-08
8.30634468708e-09
-2.11224428556e-08
-5.73204907823e-09
2.36138765389e-09
-2.04160562852e-08
-2.01051460546e-08
-1.62741582983e-08
-2.33174694932e-08
-1.07437749247e-08
0.127120649527
-1.61968838817e-08
-1.94197753321e-09
1.40582751608e-08
-1.53509745602e-08
-1.22957738666e-08
-1.56745687414e-08
-1.09859578088e-08
2.07062595875e-09
0.00120899933476
-1.34657390048e-08
-5.00504672202e-08
-0.00144004271651
-0.000880674279567
-5.43185266632e-08
-0.000507653812574
-9.01252665929e-09
1.57320910077e-08
0.837012275572
5.46642188596e-09
2.13656613624e-08
4.07439714151e-10
1.00304739348e-10
-1.38397410377e-08
-9.17449079579e-09
-3.52192112737e-09
9.92686731722e-10
0.0029067365664
-3.02729564661e-08
-2.10968704186e-08
0.0079920674732
-4.58818567227e-08
-5.23488139997e-08
1.8829072713
-0.112186052736
2.95104924887e-08
4.16942524688
-7.32845504756e-09
-1.82809694334e-08
-0.00166214017208
-8.99657292161e-10
-1.38161669568e-08
-5.23026412164e-09
2.62756112693e-08
-1.15553876331e-08
-9.98184038572e-09
5.98618489508e-08
3.26720423707e-08
1.65708629346e-09
-2.56190482341e-09
-3.61246843067e-08
-2.41827865868e-08
-5.45126399048e-08
-5.82290519373e-08
-0.000507803083959
-4.98620443872e-08
3.17655955177e-08
3.97777344855e-09
-1.02550148569e-09
-1.26822418631e-08
-8.91878661119e-09
1.39991534078e-08
3.28271742266e-08
8.19972379943e-08
-6.20431332883e-09
5.25748694507e-09
2.84206960987e-10
-0.000581713541148
1.0257013952e-08
5.68170993163e-09
-2.62353555014e-09
-0.00176211069653
-1.92050369392e-08
-4.91839778633e-08
-3.3206074224e-09
1.31958820311e-08
0.0958950010985
-2.96952516197e-09
3.35236370912e-08
-3.02972954741e-08
1.63863705734e-08
0.000291698695578
-6.34667416591e-08
5.0725250099e-10
4.50072142119e-08
-5.09209862714e-09
-2.3092834651e-08
-1.14401464398e-08
4.35857733834e-09
5.63300721412e-09
0.00997945242663
-0.000291308080911
-2.69074449103e-08
-2.59378257826e-08
-1.67934537699e-08
-3.08549051234e-08
-9.19047762721e-09
0.000359712295681
-1.98390446387e-08
-5.89164833306e-09
-3.48698788352e-08
4.68285888813e-10
-3.62363484664e-08
-1.29703502968e-08
-2.96150043519e-08
1.37560341071e-08
9.94273662459e-09
-1.00544110788e-08
-6.66460489514e-09
1.33751592449e-08
1.43031610128e-08
1.57263174576e-08
1.37320498242e-08
2.21525754564e-08
2.59253792682e-08
3.23810214994e-08
2.90107737982e-08
0.000713993131248
-0.000148963288571
-0.000126020145347
-5.48992471321e-09
-0.00027287318314
-7.91681526445e-09
-2.12589410471e-08
-0.000386342774451
-3.95370962291e-08
-6.83604564507e-09
-3.47941021686e-08
-0.0995023990618
3.1198659192e-08
-1.55249818527e-08
0.00253575749741
-1.2963060153e-08
-3.4943014338e-09
4.53423183043e-08
-0.317930025864
1.86299204387e-08
5.38275677846e-09
-0.106078787081
-9.0166609881e-09
0.138026748993
-0.0129048944201
3.07110928093e-08
-0.0102099098066
-0.0780204415146
1.79461277799e-08
7.90257028583e-09
0.0242651544873
-4.93000431643e-08
-4.94847183681e-09
-1.36778367974e-08
5.1508351893e-10
9.57714895532e-09
1.61116185319e-08
-4.63602942383e-08
-0.000627571461681
-0.0971875020777
-0.0318501160117
-2.57542791629e-08
-3.54946118145e-08
-4.37920440784e-08
-3.43465232241e-08
6.12355225705e-09
-1.97057125452e-08
-1.18868395616e-08
7.60143634397e-09
-3.2072326241e-05
-2.08857670867e-08
-2.99560607845e-08
-2.74976691453e-08
-1.28485110906e-09
1.3762216291e-08
-1.00389473666e-08
-1.98961885635e-08
-7.43641644007e-08
-6.97933024301e-08
-4.70334264397e-08
-0.106618855771
4.49318103063e-08
-9.62649942836e-09
5.44672898618e-09
-8.47183935745e-09
2.37243055626e-08
-2.76504038662e-09
-1.02640454728e-08
-5.10593978316e-08
-2.91784947625e-08
-1.71104096755e-08
-1.76232343516e-08
2.10892865426e-09
-4.69528161564e-08
-2.04649268581e-08
1.4753676972e-08
-2.63397382767e-08
-0.00255367591484
0.511023776479
-0.823287988909
1.89089593739e-08
1.38192737188e-08
0.0439103637423
-1.76881470183e-09
-1.71446484137e-09
3.61781626261e-10
-5.72196386628e-09
-1.3635490203e-09
5.97756358167e-09
-7.15545230574e-09
1.4746042493e-10
2.71133817374e-08
6.07387091782e-09
-8.03167974915e-09
-7.14379941513e-09
-3.72482734012e-08
-4.71459486624e-08
-6.00059030647e-08
-6.62988233981e-08
-0.391660422742
-0.105289325886
1.90262774416e-08
1.98172253206e-08
-0.0651851205339
-1.94380993935e-08
-4.99515273056e-08
1.25195135078e-08
2.05830976523e-08
-0.116483044101
-1.36634611126e-08
-3.18789384297e-09
-1.97885088347e-08
-0.000463524026375
-5.22295915453e-09
-3.69991881079e-09
-8.26138548765e-09
-0.00102556311773
-7.13157089725e-09
-5.43453642253e-08
-9.79817460734e-09
8.48922271447e-09
0.000956582312387
-8.14475649257e-09
9.26296506181e-09
-0.0500209653075
1.11954229135e-09
1.30146153282e-08
-0.022355754132
-4.66085155519e-10
1.6113794416e-08
-6.06018272542e-09
-3.74529343757e-08
-2.38912326027e-08
-4.26949765982e-09
-0.0237045413342
2.87980949362e-09
-3.82556614995e-05
-5.44731018926e-09
-2.91933556945e-08
-4.44069683638e-08
-2.81478623791e-08
-6.73205143086e-09
0.0359321433769
-1.36319510616e-08
-1.16206939129e-08
-3.73054717972e-08
-7.06163155807e-09
-7.97942772338e-06
-0.000549605630322
-2.00241617003e-05
5.45989594859e-09
9.56505509461e-09
-1.43737175603e-08
-1.39793223529e-08
7.91669634988e-09
1.61649783901e-08
2.35127526303e-08
1.45500649238e-08
2.78604026146e-08
2.89602317328e-08
3.47534982482e-08
1.7059099779e-08
3.96994704918e-08
-2.38816625523e-09
3.29063311509e-08
1.67173728911e-08
-1.80075176883e-08
-1.13936171838e-08
-9.46771060947e-09
1.13268719512e-08
5.57570794974e-08
7.42932854337e-08
1.11552135917e-08
1.93926232884e-08
-1.7713466336e-08
-1.97923791961e-08
-7.46025232896e-09
-4.65026088177e-09
0.0621172071191
6.56182743743e-09
6.3828644012e-09
1.0786375032e-08
2.41030010232e-09
2.39115453597e-08
-2.29567710469e-08
-2.18334064613e-09
2.46854114534e-09
2.16690526608e-08
3.37337692137e-08
1.23844947169e-08
-1.26779105083e-08
2.4512894855e-09
4.93351653933e-09
-3.49652181823e-08
-1.76402517052e-08
-6.20853247335e-09
-2.78449447411e-09
-1.58073258194e-09
3.84459068721e-08
-7.00507608124e-09
-3.25856121881e-10
1.14331506896e-08
-2.86946811141e-08
-1.05876148867e-08
-2.63159263837e-09
1.05296855744e-09
1.02450422175e-08
3.716510658e-08
-6.29030240647e-09
-3.51834697839e-08
-8.62909303658e-05
-0.0011789517526
-0.000137272765809
-0.00114521497565
1.09226784355e-09
-1.4032350231e-09
5.14127125725e-08
0.000397423547498
8.89904557948e-06
9.22152780907e-09
6.68224468511e-09
-2.07252297886e-08
-2.80970194543e-09
5.00062391982e-09
-8.7366569844e-10
2.69424878031e-09
-1.01991303003e-08
-1.21272819584e-08
0.442528222637
-0.000746514353335
-0.00294111872375
0.690215058383
-0.77173866162
3.68062067523e-08
4.48503199384e-08
-1.96199326113e-09
-1.98724036348e-08
-0.00078552884626
1.02428054803e-09
-1.65575567961e-08
-4.70265644101e-09
0.00066118444265
-3.51577972202e-09
-1.24858914915e-08
0.000977605006495
0.000194578561596
0.000150670930492
3.69404312863e-08
7.85211371382e-06
0.00190818841025
0.000543185671563
0.000242320252405
0.000803120618077
-2.44519599636e-08
0.000765126690035
1.82937017931e-08
4.47578423669e-09
-9.15167736233e-09
-2.5443753112e-09
1.9998273523e-08
2.76183399025e-08
4.49188321259e-08
1.3871728673e-08
1.84406991548e-08
1.84637560373e-08
3.67694108608e-09
2.19309942087e-08
2.55214530915e-08
3.3927823116e-08
9.7990572913e-09
3.381537831e-08
-3.61403881132e-08
5.08805817862e-09
1.25689043658e-08
1.38124048444e-07
-9.10264922051e-09
1.81368779212e-08
-1.83307269913e-08
1.96137297371e-08
0.000768998250614
-4.299055699e-08
3.9269252302e-09
1.81512918973e-08
-2.79155582386e-09
-2.64924141004e-08
-4.94767691642e-09
8.23574774813e-09
1.1409679211e-08
0.000322890122272
-5.53124419534e-08
-2.26264811355e-08
-1.16042690769e-08
-1.43116138981e-08
-1.6423611546e-08
4.85874789923e-09
2.20942599349e-08
4.24441408877e-09
1.98109687488e-09
-4.48939422874e-09
3.11676292112e-09
-1.80124277591e-08
-4.17494206972e-09
-2.23687175568e-09
1.79692393806e-08
2.28005328256e-08
5.7440080936e-09
3.49899921979e-09
1.18889864517e-08
4.58282432873e-08
2.26145140103e-08
-1.95413048998e-08
-1.50540713036e-08
-1.4999627989e-08
4.03000625425e-09
0.00113666440952
0.136507234194
8.71095828846e-10
2.37254920688e-08
2.13979005448e-08
-1.38283590646e-08
-8.5265367457e-09
-1.01313095832e-08
1.64229047214e-08
-7.82057104335e-09
-2.79777034096e-09
5.2746087163e-09
1.18129603053e-08
0.0505322310304
-1.72736230223e-08
-1.43618153032e-08
-3.73757652778e-09
1.91715233078e-08
2.1709666578e-08
8.33042150173e-09
-2.6786708187e-08
-4.18349785935e-09
2.6574104268e-09
-1.85148558862e-08
-1.6867261175e-08
-1.72733207295e-08
-2.93781289325e-08
-1.46279984497e-08
0.415884590927
-1.84390980167e-08
1.00125226263e-09
1.50396340866e-08
-1.64333019756e-08
-1.02031637699e-08
-1.64054338486e-08
-2.19478897666e-08
-3.05137546594e-09
0.151989314261
-1.86535591759e-08
-5.63298425739e-08
-0.00150124833676
-0.00266814874564
-0.000313301972071
-0.000957949448821
-1.19369528757e-08
-1.58635106588e-08
5.68243423143e-08
1.71089121744e-09
1.13910482175e-08
1.36468920368e-10
-9.09054857512e-10
-2.34641056641e-08
-9.82332002769e-09
-6.73726617988e-09
-4.35031867912e-09
0.737855313745
-3.39795575218e-08
-2.09428780618e-08
0.119416963321
-0.000100811332392
-7.90320384083e-06
0.977340875851
-0.490005521415
1.35865214621e-08
4.33447015807
-8.84054480434e-09
-1.68999098111e-08
-0.00125570500799
-1.29122374242e-09
-1.2054307427e-08
-4.9164363452e-09
2.6118315844e-08
-1.28471287902e-08
-9.07223076263e-09
2.91523494188e-08
1.27097905349e-08
3.36964664917e-09
-1.45262455083e-08
-3.13146442506e-08
-2.2617421104e-08
-6.04979795544e-08
-7.37285504664e-08
-0.000119588515821
-5.65298021333e-08
3.04537205393e-08
1.35646192614e-09
-8.97014475362e-09
-1.28368917557e-08
-9.22746204011e-09
9.60266463721e-09
2.90289423207e-08
4.03388228158e-05
-2.33756260352e-08
-4.62496381213e-06
-6.49798673127e-09
-0.0825437032701
-3.0534553782e-09
-8.28737034963e-09
-1.41598730561e-08
-0.000223464709742
-5.32218103953e-09
-5.163393366e-08
-2.15386497399e-09
1.56560644556e-08
0.00142613753708
-5.06486462195e-09
2.7176498351e-08
-3.77554786279e-08
5.02441907746e-09
1.92982671031e-08
-7.27353686222e-08
-2.1275991101e-10
4.84275245997e-08
-4.45955358953e-09
-1.34451506392e-08
-1.3602856887e-08
1.12276237682e-09
-1.34494240671e-08
0.00220847984969
-0.000170027420884
-1.93000767192e-08
-2.37804534467e-08
-2.00265788218e-08
-0.00350380064434
-8.67735845398e-09
9.5970737414e-09
-3.49337420838e-08
-1.08456309278e-08
-3.86684759131e-08
1.21958964467e-09
-3.17666869227e-08
-1.40271848844e-08
-4.31347434444e-08
1.89875832074e-08
9.15594131251e-09
-2.19854421012e-08
-1.22526427748e-08
-7.44962249708e-10
3.65998867857e-08
1.4440779108e-08
-2.78036374223e-08
-5.51493602334e-09
-2.27049853629e-08
2.14284770209e-09
1.79649289357e-08
1.21608799659e-08
0.282949187023
2.22059203414e-08
0.0448723163689
-4.7666411863e-08
3.79395464309e-09
-6.95555020666e-09
3.45751993553e-09
0.0554823927425
0.132537477657
5.30579867439e-09
2.99244152366e-08
1.43765567804e-08
-0.0429502759471
-1.67124901756e-08
-2.6024771259e-08
-2.545043786e-09
1.97384839344e-08
3.50357951903e-08
1.5586243592e-08
3.05481979428e-08
2.41590386199e-08
-0.000623111151172
-1.01529568922e-08
-2.43647625186e-08
-3.39714920051e-09
2.95369646751e-08
4.31108844498e-08
-1.77829255242e-08
4.47570199616e-09
-2.21576918755e-08
-0.116627221289
-2.05163448227e-08
-7.96819452347e-06
-2.81584485772e-09
4.18965791886e-06
0.00111964389833
7.41107817575e-09
3.13696857582e-08
4.28424578573e-09
-0.00042371660698
-2.63547329408e-08
-2.69670479651e-08
1.50600138879e-09
9.54183645125e-08
0.018583124646
8.12668804878e-09
3.37716395992e-08
1.56924368423e-08
-0.000105602699625
-4.52937410856e-08
-3.67724234547e-08
-0.201044794394
3.8312017854e-08
0.596309868643
-5.62663314153e-09
-2.82594989967e-08
-1.04692018855e-09
-2.84315825849e-10
-3.14758428897e-06
-4.03769742422e-09
-2.61645280917e-09
-1.67608499343e-08
-0.021772631271
1.13803577636e-08
4.08070573541e-08
2.20065334629e-08
-2.21805496067e-08
-1.37830186461e-08
-2.21301309131e-08
-1.15157297729e-10
4.57687337403e-08
5.29043030199e-08
-8.98679320133e-09
4.0043894995e-08
2.04104099533e-08
-2.20482572577e-05
-1.18914953866e-08
-0.00303463684352
2.82772949954e-09
3.62691083367e-08
3.37469864827e-08
1.30907115488e-08
4.52534822917e-08
2.11736691122e-08
-2.19224119336e-08
-1.43864496292e-08
-1.61294002751e-08
2.36959420383e-09
4.79627700495e-08
6.17124931355e-08
-4.12046868622e-08
2.71156555407e-08
4.35001722995e-08
1.08834476976e-08
-2.34032911153e-08
-9.10821105039e-09
-9.05200519953e-09
2.54964631997e-05
5.80060282033e-08
-4.45686431053e-08
4.49214372375e-08
2.43205163856e-08
-7.5063061225e-09
-3.0663442039e-09
-1.88027028824e-08
-2.70890357623e-10
5.52800233179e-08
5.46026590812e-08
-0.0638453059616
-1.16418894327e-09
-6.46417279949e-10
-1.3174814777e-08
-1.70714965184e-08
-2.17903932818e-08
1.91581416516e-08
5.24080829827e-08
6.45074244792e-08
-4.11417785508e-08
1.97862791448e-08
-5.89345899751e-09
-1.61755918193e-08
-1.67675893657e-08
-1.41281273939e-08
-1.69962153209e-09
4.85004491429e-08
4.9699556463e-08
1.88965757506e-08
1.61993513735e-08
3.75581357608e-08
-1.63689712258e-08
2.94146093618e-08
9.54649160718e-11
-1.35105698385e-09
8.69530941144e-09
6.41192537224e-09
-1.02541350643e-08
1.39797764285e-08
-1.83316469356e-09
-2.09980162869e-08
-1.23580412517e-08
-2.00762193074e-08
-2.75379421444e-08
-3.88708663977e-08
-2.30698069393e-09
-1.53291572645e-09
1.65349975216e-08
1.1137633202e-08
-1.98280278816e-08
-3.17892720072e-09
-1.56948979871e-08
-2.09913991452e-08
-2.24393853505e-08
1.81022539934e-11
-1.40353248082e-08
4.54983816342e-10
-0.00276926231196
-0.000235316682572
-3.43551366193e-08
-2.35477044129e-08
0.00297698399983
3.39452960205e-08
3.99838583222e-08
9.89933007625e-12
2.96011812334e-08
8.60321171262e-09
-3.4755233873e-08
-2.53449652362e-08
-2.57217364029e-08
-2.00245785876e-08
-0.00219264642081
-9.96772788892e-09
-1.9988765481e-08
9.11069243003e-09
0.157966430901
-2.12308734832e-08
-4.77099350282e-08
-3.51229790512e-08
-0.588291323315
-0.00132027629295
4.2614036926e-09
1.58091101844e-09
-1.8117985385e-08
-9.80030301271e-10
-1.46093269229e-11
4.38968346659e-10
-2.45138101451e-09
3.90874921586e-08
-1.20967998691e-08
-8.98008126236e-09
5.83075968199e-09
2.82420511794e-08
2.13702536928e-08
-9.09109841765e-09
-2.6387453315e-09
-1.53022717454e-08
9.61082013715e-10
-1.62707151998e-08
-2.88472045091e-09
-0.0146829704497
3.10762658957e-08
-1.61220128302e-10
-0.00385548116777
-1.70046157236e-08
-2.23689903578e-08
6.52490509087e-09
3.62736878027e-09
3.79367822376e-08
3.55502330166e-09
1.96073604568e-08
6.1935122016e-09
-1.37231863465e-08
-5.76954729759e-09
-9.72758881802e-09
1.84218157811e-08
-1.97392184809e-08
-7.8548420169e-09
-3.36298670645e-08
1.79100160737e-08
2.70298986776e-08
1.70482658058e-08
-2.81581946547e-08
-1.4420787665e-08
-9.49848576627e-09
1.75784238318e-08
-6.24435954798e-09
-4.41291901419e-08
1.89136537502e-08
1.68611018695e-08
-9.54309392978e-10
-1.76985733071e-08
-0.000605678558762
2.64738965674e-08
3.39615381894e-09
-2.58491972078e-10
-2.99113613169e-08
7.83857897312e-09
-2.34738526373e-08
-7.81860710535e-09
-1.36756111037e-08
-0.0281820262976
0.0955206459607
-1.32480721657e-08
-2.66345059844e-08
5.35952989859e-09
5.53993221802e-09
-0.00299516206485
-1.09108622949e-08
-3.6528470137e-09
-2.60227125129e-09
4.18174094893e-08
-1.04449741959e-08
-1.57764345646e-08
-5.64698263772e-10
-1.40938652305e-08
2.20759526059e-08
-3.9785460599e-08
-1.95069270051e-08
-8.52597015957e-09
5.46603065605e-09
3.81640640394e-08
6.98475994036e-09
1.07280285871e-08
-8.37309918351e-09
2.93127533655e-08
-4.21804364522e-08
-1.3469083445e-08
-9.3064660548e-09
3.09789660255e-10
2.14162806602e-08
8.45052975557e-09
-0.118390314389
-0.00137035179127
-4.62855370172e-09
-2.22109216675e-08
-7.75911502844e-09
1.71871324002e-08
0.0769420632483
0.00210553377554
4.3022271851e-08
1.64746388659e-08
1.2585822732e-08
8.4879940518e-09
-0.000597922328778
-5.56499251936e-08
-1.36513015635e-08
-4.59332245794e-09
2.40169803148e-08
1.14823456959e-08
-8.62787402512e-09
7.87639622872e-09
0.022286271634
-4.02691645714e-08
-0.0469563141725
-3.51428224274e-08
-1.85925778968e-08
0.0695855254234
1.76061188229e-08
1.42247800455e-09
-1.1809162823e-09
-7.86394047019e-10
-5.74742544472e-10
1.33318004345e-10
-1.02634888973e-09
1.38213308294e-08
-2.35325359492e-08
-7.51996054482e-10
1.67409141351e-08
2.4174448166e-08
0.0467427929154
-1.97428659211e-08
-1.76266151241e-08
-1.79372950001e-08
1.77524787491e-09
1.12393589193e-08
1.8389527915e-08
-1.21658275177e-08
2.12965726896e-08
6.62865142236e-09
-2.03017748312e-08
-2.11825312525e-08
-1.65230019298e-08
1.47708624801e-08
0.170877636881
6.17041068014e-09
8.0081226084e-09
1.31670623637e-08
3.48100743023e-08
-1.95248756227e-08
-7.22622323843e-09
-1.49779523285e-10
1.36103282902e-08
1.7839697787e-08
6.70231307389e-09
-2.4340725613e-08
4.28412572135e-09
4.22560049745e-08
1.64955995916e-08
-1.77866863937e-08
-8.97269387537e-09
-3.24287937176e-08
0.00277281069321
1.10345323689e-08
-4.93278932739e-08
2.20453652138e-08
2.94164449154e-08
3.12824335464e-09
0.0410359875726
-3.65485961221e-09
0.026440061886
0.00722617060862
8.4214162807e-09
-2.56354898173e-08
-2.64231336998e-08
1.83901559912e-08
2.68400629919e-08
-1.17710274734e-08
-1.26073294259e-08
2.43511117913e-08
2.29460783457e-08
-0.1323839037
-1.32080676769e-08
-3.13703096954e-08
-7.15742319073e-09
1.55657012465e-08
-3.83508556669e-09
3.09155489289e-08
2.55792178627e-08
1.90764018597e-08
4.0612910815e-09
-3.12830777913e-08
-8.26493880151e-05
-8.25652436271e-09
-0.000823886560128
-2.00647253843e-08
-3.29760667408e-08
-3.82848604212e-08
-1.87491714539e-08
6.90626136124e-09
-5.02606076121e-08
-7.74091005249e-05
-0.00660017718884
-0.00927547307104
-0.000466698232243
-3.99501366314e-08
-2.42986454905e-08
-1.08157563466e-08
0.00278485158742
-1.85422966642e-08
-5.55314505506e-09
-8.8227670749e-09
-0.00127278031073
-5.71476225236e-08
-4.9682155761e-08
-4.76043585336e-08
-4.05030364387e-08
-1.26091147369e-09
-0.000748063306906
-3.78872235837e-08
2.57575239815e-09
-0.264141708649
-0.00173220953617
-4.777998518e-08
-0.584486575306
-3.98582099868e-08
1.01663334771e-08
-1.62262612656e-09
-2.17299259954e-08
-4.85097929878e-10
-5.54975890305e-10
8.58930529369e-10
-4.65749039108e-09
6.95529308314e-09
-0.00674152941203
-0.00555643622706
-2.2745473121e-08
-3.9210341249e-09
1.40673672114e-09
-2.06898838329e-08
-1.45964700758e-08
-2.33140411225e-08
-4.7455000517e-08
-3.03606172361e-08
0.000216333990182
-0.102235907433
-1.98172915838e-09
1.05462589394e-09
-0.000158899240576
-6.26031692369e-09
-3.3542794034e-08
-4.71476413801e-09
8.01637788249e-09
3.35358416413e-08
-2.15392230373e-08
-1.47877020166e-09
2.97134404126e-09
-3.13308325594e-08
-1.71252112286e-08
-1.81733331974e-08
-2.89431037113e-08
-2.36918415016e-08
2.86716529112e-08
-0.00332623136988
-9.84000811274e-09
1.98889057356e-08
1.46260572711e-08
-3.62221869901e-08
-2.92440235362e-08
-5.66738283894e-08
8.97772495379e-09
7.19241982253e-09
-0.029425122479
-7.39581990721e-09
5.89371087833e-09
1.90833102879e-09
-2.96291797098e-08
-2.35400473177e-08
-3.27734971161e-09
-3.52459503134e-09
1.14941356428e-08
-7.06719542415e-08
-0.00973359069723
9.08776756244e-09
-1.07025923917e-08
-3.42788180025e-08
-0.0577142220833
1.76534112286e-09
-1.04446560056e-08
1.65196924941e-09
-4.46874626917e-08
-5.37102884419e-09
-9.75971203285e-09
5.40750061101e-09
-6.65693964159e-09
3.06861757862e-08
-7.28262005342e-10
3.03655816551e-09
2.67183206796e-08
-6.22564431325e-08
-0.000461767827487
-0.00188683628017
-0.00400628199055
-4.72656686531e-08
-2.9206219716e-08
-1.67748037966e-08
7.24090360773e-09
0.00769687540952
-1.31970883991e-08
-1.88590010074e-09
-6.45874154965e-09
-0.00165037180528
-5.06244960616e-08
-4.66736429525e-08
-4.56241942736e-08
-2.70346096385e-08
6.62590638853e-09
-7.66644607435e-06
-1.7748546822e-08
8.24986455677e-09
-0.0018416640122
-0.00249373395754
-4.91178015625e-08
-0.0260742276599
-1.88495226125e-08
1.2996736934e-08
-1.03778344664e-09
-1.36435755192e-08
-1.07650766901e-09
-1.66247056889e-10
2.67270731333e-09
-2.5173156874e-09
1.12670565557e-08
-0.000805595205448
-1.081598581e-08
-9.52330215523e-09
2.70684479225e-09
1.16562447681e-08
-1.55358875396e-08
-1.01918369959e-08
-1.80738146536e-08
-3.98066196277e-08
-2.05101514189e-08
0.0390652856911
-0.00758834770992
2.00744770487e-09
2.83835278617e-09
-3.11537737556e-08
-6.65776637567e-09
-3.53741133195e-08
-1.99048577535e-09
1.74206400578e-08
3.34244457395e-08
-1.40270568083e-08
2.2527784322e-09
1.29626363205e-08
-2.06880422555e-08
-8.83786112842e-09
-1.35972334273e-08
-2.31265637048e-08
-1.1899339076e-08
3.42811153114e-08
-0.0016649153904
-6.11323019665e-09
2.92113034985e-08
1.42686193692e-08
-3.19508986591e-08
-2.62922940922e-08
-5.67881510585e-08
2.14406664143e-08
1.05705574874e-08
-0.0384440404558
-1.54010417632e-09
1.28323893757e-08
4.69895597638e-09
-1.76088670495e-08
-2.22841843098e-08
-1.01510030048e-09
7.64805033315e-09
1.28216917561e-08
-6.62793125401e-08
-0.0837057276244
1.08282826028e-08
1.24282927363e-09
-2.35507543084e-08
-1.09625241166e-07
3.20478980302e-09
1.16383204687e-09
3.78270190462e-09
-3.5527901215e-08
-1.11017221652e-08
-1.09338806804e-08
4.76207341855e-09
-1.81067374307e-09
2.49908179196e-08
2.33835917889e-09
8.90042923659e-09
2.57607131743e-08
-8.21977196908e-09
-1.41845909602e-08
-3.49129388607e-08
-4.68181845268e-08
-0.000966497040747
-0.0270324750848
1.93919669348e-09
-8.96127367533e-10
5.73125262924e-08
-2.08121819907e-08
-5.84762267345e-08
-1.28655667793e-08
-0.320160234492
-0.000661522985508
-2.29052904507e-08
-0.367165129029
1.50937987117e-08
0.324075037211
-2.94287717761e-08
-2.89013210455e-08
-0.000655143683568
-1.07230700316e-09
-1.15707337701e-05
-6.00477592418e-09
1.95747923385e-08
2.60963877612e-08
-0.000973264405776
-4.06754841737e-09
-3.01140261866e-08
-0.00358369342949
-0.0527798515718
-0.000635012360356
-0.0609547831514
-1.45366293324e-08
3.6829316381e-09
1.52428476567e-08
-1.4186979161e-08
5.36227082088e-09
-8.66447803062e-09
-0.000994376631107
-0.0712668460215
-1.34315973466e-08
-0.0442833187148
1.75006870153e-08
0.861689886298
-2.25051959685e-08
-5.38400869699e-08
-0.00228054402916
-0.0027115392765
-1.62017471124e-05
-0.000556719430914
-1.15284912837e-08
-1.59021594669e-08
5.30373282313e-08
-1.62774054836e-08
-2.02566994894e-08
-4.03964714749e-08
-4.69411661268e-09
-2.25869951381e-08
-1.34003854495e-08
-1.23091645988e-08
-4.86895991525e-10
0.0419448877169
-3.02796796664e-08
-1.4722148725e-08
-1.02952291846e-08
-5.68957206091e-08
-4.64076302268e-08
-2.27637496333e-08
1.47627385598e-08
-0.0464481638111
0.0277161686162
-5.43603742418e-08
-3.35317362495e-08
-0.00166304647867
-0.00142175791099
-9.26328831824e-05
-1.47364358968e-06
2.55603420332e-08
-4.97910088091e-09
1.59225418621e-08
-9.36317916512e-09
-9.6322222025e-09
-0.000780931378591
-0.00232455652115
-0.0310261504636
-5.23269275131e-09
1.30830305736e-08
-1.35527971062e-08
9.74118114901e-09
-2.25768148086e-08
-9.67589496086e-09
0.142026686514
-1.76493673353e-08
-5.24347780416e-08
-2.13939765654e-08
-2.59100325935e-08
-8.77169454834e-09
0.934326455722
-1.43101861329e-08
-1.67763583854e-08
-2.2237702494e-08
-2.41749690897e-08
-1.0172005945e-08
-3.29847865041e-09
3.40747495723e-08
-1.43456722048e-08
-1.44764258492e-08
2.40578806924e-08
0.0590991361189
1.48310782561e-08
3.8551948991e-09
-2.43366607605e-08
-2.62359162511e-08
-1.32535900737e-08
-6.24137898409e-09
2.13858750604e-08
-2.06676740523e-08
2.10246902423e-08
1.50432322326e-09
-2.22387343419e-08
-6.04922977318e-09
-2.10437749949e-09
5.09330538741e-09
1.59669952526e-08
5.54735504817e-08
4.41577193654e-09
1.59811747595e-08
-4.45907627258e-10
-6.36217589381e-09
-1.9570231103e-08
-9.47485194469e-09
-8.90650090974e-09
-1.23136336965e-08
0.170548205014
-2.29633281226e-08
0.00668623103963
3.13420000495e-09
1.00490888819e-08
-2.40275811508e-08
-1.38488770529e-08
-3.69580694033e-08
-4.21868437114e-09
8.95597137753e-09
-1.91859939263e-08
-1.87563640002e-09
-2.0898228026e-09
-8.88524349976e-09
-3.75709663775e-08
-0.00182585218786
-6.57573873984e-09
-0.0665254150053
4.89818533738e-09
-3.83049336952e-08
-1.04278728792e-08
-4.27297328891e-09
-1.35758215856e-08
-0.000225949359459
-0.0420949915729
6.80623399252e-09
-1.06503223443e-08
-1.09902592086e-10
7.0295054788e-09
8.04279943411e-09
-1.27772519597e-08
-9.66317401677e-09
-2.07245179695e-08
-7.58314074577e-10
9.51336470334e-09
-7.24160047191e-10
-2.37270182174e-10
-0.0276886721347
-3.12151855494e-08
-1.48490482575e-08
-6.99946987277e-11
-0.00069700353164
-6.06380503664e-09
-0.00497318955026
-0.0804631892591
-0.126508393109
-3.10926833407e-08
-2.06134092403e-08
1.58953504536e-08
-0.786004017795
-0.00195410713491
0.475428487229
-1.90472895225
1.7831100614e-08
2.04340587381
-2.73014490211e-08
1.92793254718e-08
3.16147933294e-05
-0.000694424283918
-1.94148860596e-08
0.195510821789
-1.81894149971e-08
0.000819306702762
2.08738226794e-05
-3.08832849894e-08
-1.6224625077e-08
0.134588912373
-4.37505550282e-08
-5.29372087901e-08
0.667667204008
-0.669877026504
1.63455879561e-09
3.53952497962
-4.40417210433e-08
-1.53208051257e-08
0.137608392633
-0.0467005777141
-3.61255666688e-08
-1.71784553787e-08
-0.0219044526943
2.32328569799e-08
3.60643444008e-08
-6.42087072061e-08
-1.71668006143e-08
8.55177066172e-09
-0.366036986653
-0.000901054704393
-2.4524264294e-08
-4.46711004255e-08
4.45249120642e-09
2.4129774184e-08
-3.66203967923e-08
-4.05697542263e-08
7.60740938756e-09
-2.63170200015e-08
-5.62982019829e-05
-1.49683673083e-08
-0.901265666713
1.21946794011e-08
2.69143015129e-08
-4.63673114561e-09
-5.48060872219e-09
0.173316675924
-1.39796436084e-08
-3.37880298572e-08
0.0786702449425
-0.0689608007673
1.59247269369e-08
-2.59534943244e-09
-3.09669401532e-09
-1.46730628941e-08
-0.00163407429843
-8.80650293792e-10
-1.07165906698e-08
-4.44306698633e-09
2.36329819985e-08
-1.45568193429e-08
-9.78038117215e-09
-2.92082196703e-08
-2.58457123667e-08
-9.67816102914e-09
-1.01520811981e-09
-0.019915387513
-2.63289227997e-09
5.07416309322e-08
-2.02488067973e-08
-1.34265463291e-08
-7.68601785813e-09
-1.72915086177e-08
-0.000203493344267
-7.22984248753e-10
-9.40680506571e-09
-3.79985034877e-09
3.06653150638e-08
-1.52453316724e-08
-8.97007660974e-09
-5.70163406906e-09
-2.31853598588e-08
-1.09827196297e-08
-3.81725362989e-09
-6.17545382657e-09
-3.51382932274e-09
2.94194719874e-08
-2.26686065218e-08
-0.000351392317648
-6.06797365263e-09
-3.66050270884e-08
-0.000141884192594
-1.53709739371e-09
-0.0415095020834
-3.36569035644e-09
3.64664429613e-08
-1.19827415335e-08
-0.000818337542032
-5.43270445295e-09
-1.76680932744e-08
-0.018855706329
-1.82955914701e-09
-0.000476625432942
-5.24528937961e-09
0.00027578389521
2.83260677646e-09
-1.75031187496e-09
-1.84465479674e-08
-2.0058579282e-08
-0.000709060509433
-2.08266214838e-09
-0.000412077075223
-3.8489338537e-09
2.54635396488e-08
-1.5448327627e-09
-1.30357785403e-09
-5.10445651767e-08
3.73129949894e-08
5.30023777859e-09
-1.64959340314e-08
-1.18900449926e-08
-8.07144298723e-09
4.07443688076e-09
2.54724895078e-08
6.82159262927e-08
3.77635698539e-08
1.53342847268e-08
2.97637283121e-09
-2.34118626221e-08
-1.53938390173e-08
-1.15212638577e-08
-5.08069127706e-08
-0.0014787535682
-6.59485856893e-08
-3.07817578059e-08
0.0128700148587
2.84334807393e-08
0.00381720612258
-2.41480394582e-09
0.0335341220652
-3.35222513509e-08
2.12269656511e-08
0.0550241993262
-3.14855293493e-08
1.56331712776e-08
3.90419926365e-08
8.89428618839e-10
-2.65299352853e-08
-1.3782440189e-08
-3.94160555682e-09
-5.1168037419e-09
7.64647854531e-05
-6.9165993194e-08
-1.06832186929e-08
1.58970668248e-09
-1.51437451918e-08
-0.0591121486369
-4.0453609816e-08
7.46700867093e-05
-2.02523521598e-08
-1.5663694699e-08
-1.85670695178e-08
1.34239379472e-08
-2.12422860441e-08
5.67304843017e-09
-2.51952770952e-08
2.63867615509e-08
2.1523124587e-08
-4.85873991692e-09
6.08485262401e-10
-5.3616457338e-08
3.1461869655e-08
8.50630649016e-11
-0.000748020314981
-9.65688105282e-09
-9.26789820143e-09
9.58752706996e-09
2.26105263387e-08
6.90364085582e-08
-6.38101753204e-08
0.0851393990638
3.15134688429e-08
2.2203013622e-08
-9.73278449482e-09
-7.30451908432e-09
-5.20667748547e-09
2.84550993695e-08
3.86906306392e-08
-3.10088419779e-05
1.14515413043e-08
1.9264798067e-08
5.95550078041e-09
-2.00100970418e-08
-1.13579088748e-08
1.10076605748e-08
2.67611629348e-08
2.29866795495e-08
-6.000846033e-08
1.15580390393e-08
-5.74502007512e-09
-7.81827853199e-09
-0.0258905917551
-1.01090155659e-08
7.03478582658e-09
1.18906798166e-08
1.92431187837e-08
-4.43111016322e-08
2.14943617112e-08
-2.43928763666e-08
-1.77658061253e-08
-2.72586006413e-08
-1.08032210691e-09
6.28293871009e-09
9.13169840025e-09
-2.02599453361e-10
-4.92188569571e-08
7.24452008822e-10
1.45964743951e-08
6.24119862183e-06
-7.26841425929e-09
2.44914403964e-08
-3.65181049302e-08
6.20972084342e-09
1.52627164985e-08
-7.3333243402e-08
1.93937077627e-09
3.25806263381e-08
-3.32456087741e-09
-1.37449793766e-08
-1.36193958563e-08
-3.64163468741e-10
-1.82271440094e-08
1.01112597269e-08
-8.18322233654e-08
-1.17291896807e-08
-2.88158446556e-08
-1.95444195041e-08
-2.73699871771e-08
-7.87749876801e-09
9.69940438122e-09
-0.000302102024046
-1.63839861963e-08
-3.10181034424e-08
2.42148725216e-09
-3.48777489446e-08
-1.52125124485e-08
-2.67852101141e-08
2.08271284974e-08
1.2470773102e-08
-3.59964463392e-08
-1.75632810565e-08
-5.78971726503e-08
-2.84814579794e-08
1.05365123682e-08
2.93105482636e-08
-4.48404988178e-08
8.6946179938e-10
-2.61211377231e-08
5.46955068244e-09
1.71281619778e-08
-4.60117704399e-08
-2.15702977001e-08
-3.73235471375e-09
3.02291402079e-08
-1.39282915842e-08
1.89774344599e-08
-1.04228568107e-08
-2.20246976938e-09
4.76256241821e-10
-4.0752690184e-08
-9.43818968925e-09
-1.65298851436e-08
-1.07086607663e-09
2.28184077763e-09
0.0952143498378
6.43614376852e-09
6.86947235799e-09
7.03622359447e-09
-0.101069315428
-6.88738302989e-09
3.66208985803e-09
-2.71008553571e-09
-2.02835129715e-08
-1.32538137935e-08
1.48468586936e-08
-0.065203792697
-6.59205602891e-09
-3.81949207953e-08
-8.89437124921e-09
-1.19646969949e-08
-1.03583918005e-08
-9.76915546141e-09
0.00022159387419
1.59015311457e-08
1.43311384361e-09
3.44818220992e-09
-5.27594304227e-08
-9.23910270784e-10
-4.66241458505e-08
-0.00148122157234
-0.000436939789893
1.03350112982e-10
7.99176308582e-09
-9.33289627697e-09
-1.12293438134e-08
